EARTH FIGURE PERTURBATIONS. LONGITUDE/T
  1 -2  0  0 -1 180.00000   0.00003
  1 -2  0  0  1 180.00000   0.00002
  1 -2  0  1 -1 180.00000   0.00002
  1  0  0 -2 -1 180.00000   0.00001
  1  0  0 -1 -1 180.00000   0.00021
  1  0  0 -1  1 180.00000   0.00002
  1  0  0  0 -1 180.00000   0.00300
  1  0  0  0  1 180.00000   0.00015
  1  0  0  1 -1 180.00000   0.00021
  1  0  0  1  1 180.00000   0.00002
  1  0  0  2 -1 180.00000   0.00002
  1  2  0 -1 -1 180.00000   0.00003
  1  2  0  0 -1 180.00000   0.00004
  2  0  0  0 -2   0.00000   0.00004
