PLANETARY PERTURBATIONS(SOLAR ECCENTRICITY).LATITUDE
  0  0  1 -1 -1   0.00000   0.00005
  0  0  1 -1  1   0.00000   0.00004
  0  0  1  0 -1   0.00000   0.00004
  0  0  1  0  1   0.00000   0.00005
  0  0  1  1 -1   0.00000   0.00004
  0  0  1  1  1   0.00000   0.00004
  0  2 -2  0 -1 180.00000   0.00002
  0  2 -1 -1 -1 180.00000   0.00005
  0  2 -1 -1  1 180.00000   0.00006
  0  2 -1  0 -1 180.00000   0.00022
  0  2 -1  0  1 180.00000   0.00006
  0  2 -1  1 -1 180.00000   0.00001
  0  2  1  0 -1   0.00000   0.00009
