PLANETARY PERTURBATIONS. TABLE 2. LATITUDE
  0  0  0  0  0  0  0  0  0  0  1   0.00002   0.00068
  0  0  0  0  0  0  0  0  0  1 -1 180.00000   0.00041
  0  0  0  0  0  0  0  0  0  1  1 180.00001   0.00039
  0  0  0  0  0  0  0  0  0  2 -1 180.00134   0.00001
  0  0  0  0  0  0  0  0  0  2  1 180.00003   0.00005
  0  0  0  0  0  0  0  0  1 -1 -1 155.90141   0.00007
  0  0  0  0  0  0  0  0  1 -1  1 155.89388   0.00006
  0  0  0  0  0  0  0  0  1  0 -1 155.96862   0.00006
  0  0  0  0  0  0  0  0  1  0  1 155.96726   0.00006
  0  0  0  0  0  0  0  0  1  1 -1 155.89029   0.00005
  0  0  0  0  0  0  0  0  1  1  1 155.89864   0.00006
  0  0  0  0  0  0  0  1 -1  0 -1  24.15518   0.00001
  0  0  0  0  0  0  0  1 -1  0  1  24.15503   0.00001
  0  0  0  0  0  0  0  1  1 -1  1 168.91635   0.00001
  0  0  0  0  0  0  0  1  1  0 -1 335.84475   0.00007
  0  0  0  0  0  0  0  1  1  0  1 335.84494   0.00007
  0  0  0  0  0  0  0  2 -1 -1  1  24.07078   0.00001
  0  0  0  0  0  0  0  2 -1  0 -1  25.70742   0.00006
  0  0  0  0  0  0  0  2  0 -2 -1 180.00014   0.00001
  0  0  0  0  0  0  0  2  0 -1 -1 179.99989   0.00011
  0  0  0  0  0  0  0  2  0 -1  1 180.00001   0.00007
  0  0  0  0  0  0  0  2  0  0 -1 359.99976   0.00057
  0  0  0  0  0  0  0  2  0  0  1 179.99998   0.00003
  0  0  0  0  0  0  0  2  0  1 -1 359.99956   0.00002
  0  0  0  0  0  0  0  2  1 -1 -1 335.90294   0.00002
  0  0  0  0  0  0  0  2  1 -1  1 335.89944   0.00002
  0  0  0  0  0  0  0  2  1  0 -1 335.90598   0.00006
  0  0  0  0  0  0  0  2  2 -1 -1 156.00424   0.00001
  0  0  0  0  0  0  0  2  2 -1  1 156.00393   0.00001
  0  0  0  0  0  0  0  2  2  0 -1 335.58947   0.00002
  0  0  1  0  0  0  0 -3 -1  1  0 275.13228   0.00001
  0  0  1  0  0  0  0 -3  0 -1  0  95.13228   0.00004
  0  0  1  0  0  0  0 -3  0  0  0  95.13231   0.00029
  0  0  1  0  0  0  0 -3  0  0  2  95.13225   0.00001
  0  0  1  0  0  0  0 -3  0  1  0  95.13223   0.00050
  0  0  1  0  0  0  0 -3  0  2  0  95.13217   0.00004
  0  0  1  0  0  0  0 -3  1  0  0  95.13228   0.00003
  0  0  1  0  0  0  0 -3  1  1  0  95.13228   0.00004
  0  0  1  0  0  0  0 -2  0  0  0 275.13228   0.00003
  0  0  1  0  0  0  0 -2  0  0  1  77.05290   0.00003
  0  0  1  0  0  0  0 -2  0  1  0 275.13228   0.00002
  0  0  1  0  0  0  0 -1 -2  0  0 275.13105   0.00002
  0  0  1  0  0  0  0 -1 -1 -1  0 275.13228   0.00006
  0  0  1  0  0  0  0 -1 -1  0  0 275.13221   0.00096
  0  0  1  0  0  0  0 -1 -1  0  2 275.13232   0.00001
  0  0  1  0  0  0  0 -1 -1  1  0 275.13228   0.00006
  0  0  1  0  0  0  0 -1  0 -3  0  95.13228   0.00001
  0  0  1  0  0  0  0 -1  0 -2  0  95.13251   0.00017
  0  0  1  0  0  0  0 -1  0 -1 -2  95.13530   0.00006
  0  0  1  0  0  0  0 -1  0 -1  0  95.13236   0.00264
  0  0  1  0  0  0  0 -1  0 -1  2 275.13175   0.00008
  0  0  1  0  0  0  0 -1  0  0 -2  95.13684   0.00014
  0  0  1  0  0  0  0 -1  0  0  0  95.13226   0.04834
  0  0  1  0  0  0  0 -1  0  0  2  95.13225   0.00050
  0  0  1  0  0  0  0 -1  0  1 -2 275.13286   0.00024
  0  0  1  0  0  0  0 -1  0  1  0  95.13224   0.01209
  0  0  1  0  0  0  0 -1  0  1  2  95.13229   0.00007
  0  0  1  0  0  0  0 -1  0  2  0  95.13216   0.00108
  0  0  1  0  0  0  0 -1  0  3  0  95.13204   0.00010
  0  0  1  0  0  0  0 -1  0  4  0  95.13228   0.00001
  0  0  1  0  0  0  0 -1  1 -1  0  95.13239   0.00014
  0  0  1  0  0  0  0 -1  1  0 -2  95.13641   0.00001
  0  0  1  0  0  0  0 -1  1  0  0  95.13228   0.00227
  0  0  1  0  0  0  0 -1  1  0  2  95.13230   0.00002
  0  0  1  0  0  0  0 -1  1  1 -2 275.13287   0.00001
  0  0  1  0  0  0  0 -1  1  1  0  95.13223   0.00054
  0  0  1  0  0  0  0 -1  1  2  0  95.13217   0.00005
  0  0  1  0  0  0  0 -1  2  0  0  95.13228   0.00008
  0  0  1  0  0  0  0 -1  2  1  0  95.13228   0.00002
  0  0  1  0  0  0  0  0 -1  0  0  95.13228   0.00006
  0  0  1  0  0  0  0  0  0 -1  0 275.13228   0.00004
  0  0  1  0  0  0  0  0  0  0 -1 257.75566   0.00002
  0  0  1  0  0  0  0  0  0  0  0 275.13228   0.00035
  0  0  1  0  0  0  0  0  0  0  1 257.75566   0.00002
  0  0  1  0  0  0  0  0  0  1  0 275.13228   0.00003
  0  0  1  0  0  0  0  1 -1 -2  0 275.13228   0.00002
  0  0  1  0  0  0  0  1 -1 -1 -2 275.13552   0.00001
  0  0  1  0  0  0  0  1 -1 -1  0 275.13237   0.00038
  0  0  1  0  0  0  0  1 -1  0 -2  95.13134   0.00001
  0  0  1  0  0  0  0  1 -1  0  0 275.13175   0.00044
  0  0  1  0  0  0  0  1 -1  1 -2  95.13401   0.00002
  0  0  1  0  0  0  0  1 -1  1  0 275.13214   0.00048
  0  0  1  0  0  0  0  1 -1  2  0 275.13216   0.00006
  0  0  1  0  0  0  0  1  0 -3 -2  95.13461   0.00003
  0  0  1  0  0  0  0  1  0 -3  0  95.13212   0.00015
  0  0  1  0  0  0  0  1  0 -2 -2  95.13464   0.00037
  0  0  1  0  0  0  0  1  0 -2  0  95.13209   0.00294
  0  0  1  0  0  0  0  1  0 -2  2 275.13183   0.00004
  0  0  1  0  0  0  0  1  0 -1 -2  95.13467   0.00325
  0  0  1  0  0  0  0  1  0 -1  0  95.13234   0.07755
  0  0  1  0  0  0  0  1  0 -1  2  95.13192   0.00075
  0  0  1  0  0  0  0  1  0  0 -4 275.13485   0.00001
  0  0  1  0  0  0  0  1  0  0 -2  95.13510   0.00917
  0  0  1  0  0  0  0  1  0  0  0 275.13226   1.37497
  0  0  1  0  0  0  0  1  0  0  2  95.13223   0.00142
  0  0  1  0  0  0  0  1  0  1 -2  95.13472   0.00198
  0  0  1  0  0  0  0  1  0  1  0 275.13217   0.07245
  0  0  1  0  0  0  0  1  0  1  2  95.13223   0.00023
  0  0  1  0  0  0  0  1  0  2 -2  95.13490   0.00013
  0  0  1  0  0  0  0  1  0  2  0 275.13207   0.00427
  0  0  1  0  0  0  0  1  0  2  2  95.13228   0.00003
  0  0  1  0  0  0  0  1  0  3 -2  95.13477   0.00001
  0  0  1  0  0  0  0  1  0  3  0 275.13197   0.00026
  0  0  1  0  0  0  0  1  0  4  0 275.13203   0.00002
  0  0  1  0  0  0  0  1  1 -2  0  95.13228   0.00002
  0  0  1  0  0  0  0  1  1 -1 -2  95.13550   0.00002
  0  0  1  0  0  0  0  1  1 -1  0  95.13231   0.00044
  0  0  1  0  0  0  0  1  1  0  0  95.13293   0.00037
  0  0  1  0  0  0  0  1  1  1 -2 275.13410   0.00001
  0  0  1  0  0  0  0  1  1  1  0  95.13220   0.00037
  0  0  1  0  0  0  0  1  1  2  0  95.13216   0.00004
  0  0  1  0  0  0  0  2  0 -1  0 275.13228   0.00001
  0  0  1  0  0  0  0  2  0  0 -1  77.14857   0.00001
  0  0  1  0  0  0  0  2  0  0  0  95.13223   0.00039
  0  0  1  0  0  0  0  2  0  1  0  95.13228   0.00005
  0  0  1  0  0  0  0  2  1  0  0 275.13228   0.00006
  0  0  1  0  0  0  0  3 -2 -1  0 275.13228   0.00002
  0  0  1  0  0  0  0  3 -2  0  0 275.13228   0.00003
  0  0  1  0  0  0  0  3 -1 -1 -2 275.13446   0.00001
  0  0  1  0  0  0  0  3 -1 -1  0 275.13228   0.00067
  0  0  1  0  0  0  0  3 -1  0 -2  95.13544   0.00003
  0  0  1  0  0  0  0  3 -1  0  0 275.13220   0.00058
  0  0  1  0  0  0  0  3 -1  1  0 275.13210   0.00008
  0  0  1  0  0  0  0  3  0 -3 -2 275.13456   0.00001
  0  0  1  0  0  0  0  3  0 -3  0 275.13228   0.00002
  0  0  1  0  0  0  0  3  0 -2 -2 275.13457   0.00007
  0  0  1  0  0  0  0  3  0 -2  0  95.13267   0.00012
  0  0  1  0  0  0  0  3  0 -2  2  95.13191   0.00002
  0  0  1  0  0  0  0  3  0 -1 -2 275.13456   0.00026
  0  0  1  0  0  0  0  3  0 -1  0 275.13228   0.01504
  0  0  1  0  0  0  0  3  0 -1  2  95.13228   0.00006
  0  0  1  0  0  0  0  3  0  0 -2  95.13571   0.00050
  0  0  1  0  0  0  0  3  0  0  0 275.13220   0.00849
  0  0  1  0  0  0  0  3  0  0  2  95.13228   0.00003
  0  0  1  0  0  0  0  3  0  1 -2  95.13446   0.00014
  0  0  1  0  0  0  0  3  0  1  0 275.13210   0.00105
  0  0  1  0  0  0  0  3  0  2 -2  95.13433   0.00002
  0  0  1  0  0  0  0  3  0  2  0 275.13200   0.00010
  0  0  1  0  0  0  0  3  0  3  0 275.13228   0.00001
  0  0  1  0  0  0  0  3  1 -1  0  95.13234   0.00010
  0  0  1  0  0  0  0  3  1  0  0  95.13220   0.00009
  0  0  1  0  0  0  0  3  1  1  0  95.13228   0.00002
  0  0  1  0  0  0  0  4  0 -1  0  95.13228   0.00002
  0  0  1  0  0  0  0  5 -1 -2  0 275.13228   0.00002
  0  0  1  0  0  0  0  5 -1 -1  0 275.13228   0.00003
  0  0  1  0  0  0  0  5 -1  0  0 275.13228   0.00001
  0  0  1  0  0  0  0  5  0 -2  0 275.13231   0.00018
  0  0  1  0  0  0  0  5  0 -1  0 275.13223   0.00022
  0  0  1  0  0  0  0  5  0  0  0 275.13214   0.00008
  0  0  1  0  0  0  0  5  0  1  0 275.13228   0.00002
