PLANETARY PERTURBATIONS. TABLE 2. DISTANCE/T
  0  0  0  0  0  0  0  0  0  0  0 270.00000   0.00149
  0  0  0  0  0  0  0  0  0  1 -2  90.00000   0.00010
  0  0  0  0  0  0  0  0  0  1  0 270.00000   0.00174
  0  0  0  0  0  0  0  0  0  2  0 270.00000   0.00029
  0  0  0  0  0  0  0  0  0  3  0 270.00000   0.00003
  0  0  0  0  0  0  0  0  1 -4  0  90.00000   0.00007
  0  0  0  0  0  0  0  0  1 -3  0  90.00000   0.00106
  0  0  0  0  0  0  0  0  1 -2  0  90.00000   0.01764
  0  0  0  0  0  0  0  0  1 -2  2  90.00000   0.00013
  0  0  0  0  0  0  0  0  1 -1 -2  90.00000   0.00002
  0  0  0  0  0  0  0  0  1 -1  0  90.00000   0.32654
  0  0  0  0  0  0  0  0  1 -1  2 270.00000   0.00084
  0  0  0  0  0  0  0  0  1  0 -2  90.00000   0.00047
  0  0  0  0  0  0  0  0  1  0  0 270.00000   0.12302
  0  0  0  0  0  0  0  0  1  0  2  90.00000   0.00040
  0  0  0  0  0  0  0  0  1  1 -2  90.00000   0.00062
  0  0  0  0  0  0  0  0  1  1  0 270.00000   0.26396
  0  0  0  0  0  0  0  0  1  2 -2 270.00000   0.00008
  0  0  0  0  0  0  0  0  1  2  0 270.00000   0.01449
  0  0  0  0  0  0  0  0  1  3  0 270.00000   0.00089
  0  0  0  0  0  0  0  0  1  4  0 270.00000   0.00006
  0  0  0  0  0  0  0  0  2 -3  0  90.00000   0.00005
  0  0  0  0  0  0  0  0  2 -2  0  90.00000   0.00069
  0  0  0  0  0  0  0  0  2 -1  0  90.00000   0.01066
  0  0  0  0  0  0  0  0  2 -1  2 270.00000   0.00002
  0  0  0  0  0  0  0  0  2  0 -2  90.00000   0.00003
  0  0  0  0  0  0  0  0  2  0  0 270.00000   0.00536
  0  0  0  0  0  0  0  0  2  1  0 270.00000   0.00587
  0  0  0  0  0  0  0  0  2  2  0 270.00000   0.00026
  0  0  0  0  0  0  0  0  3 -2  0  90.00000   0.00002
  0  0  0  0  0  0  0  0  3 -1  0  90.00000   0.00029
  0  0  0  0  0  0  0  0  3  0  0 270.00000   0.00016
  0  0  0  0  0  0  0  0  3  1  0 270.00000   0.00014
  0  0  0  0  0  0  0  1 -2 -1  0 270.00000   0.00004
  0  0  0  0  0  0  0  1 -2  0  0  90.00000   0.00015
  0  0  0  0  0  0  0  1 -1 -1  0 270.00000   0.00029
  0  0  0  0  0  0  0  1 -1  0 -2  90.00000   0.00003
  0  0  0  0  0  0  0  1 -1  0  0 270.00000   0.00126
  0  0  0  0  0  0  0  1 -1  1  0 270.00000   0.00028
  0  0  0  0  0  0  0  1 -1  2  0 270.00000   0.00003
  0  0  0  0  0  0  0  1  0 -2  0  90.00000   0.00002
  0  0  0  0  0  0  0  1  0 -1  0  90.00000   0.00004
  0  0  0  0  0  0  0  1  0  0  0 270.00000   0.00008
  0  0  0  0  0  0  0  1  0  1  0  90.00000   0.00002
  0  0  0  0  0  0  0  1  1 -3  0 270.00000   0.00004
  0  0  0  0  0  0  0  1  1 -2  0 270.00000   0.00084
  0  0  0  0  0  0  0  1  1 -1  0 270.00000   0.00214
  0  0  0  0  0  0  0  1  1  0 -2 270.00000   0.00008
  0  0  0  0  0  0  0  1  1  0  0  90.00000   0.04194
  0  0  0  0  0  0  0  1  1  1  0  90.00000   0.00235
  0  0  0  0  0  0  0  1  1  2  0  90.00000   0.00015
  0  0  0  0  0  0  0  1  2 -1  0 270.00000   0.00002
  0  0  0  0  0  0  0  1  2  0  0 270.00000   0.00019
  0  0  0  0  0  0  0  1  2  1  0 270.00000   0.00003
  0  0  0  0  0  0  0  2 -4 -1  0  90.00000   0.00004
  0  0  0  0  0  0  0  2 -4  0  0  90.00000   0.00016
  0  0  0  0  0  0  0  2 -3 -2  0 270.00000   0.00008
  0  0  0  0  0  0  0  2 -3 -1  0  90.00000   0.00112
  0  0  0  0  0  0  0  2 -3  0  0  90.00000   0.00310
  0  0  0  0  0  0  0  2 -3  1  0  90.00000   0.00022
  0  0  0  0  0  0  0  2 -2 -3  0 270.00000   0.00008
  0  0  0  0  0  0  0  2 -2 -2  0 270.00000   0.00173
  0  0  0  0  0  0  0  2 -2 -1 -2 270.00000   0.00005
  0  0  0  0  0  0  0  2 -2 -1  0  90.00000   0.02490
  0  0  0  0  0  0  0  2 -2  0 -2 270.00000   0.00014
  0  0  0  0  0  0  0  2 -2  0  0  90.00000   0.04970
  0  0  0  0  0  0  0  2 -2  1 -2 270.00000   0.00004
  0  0  0  0  0  0  0  2 -2  1  0  90.00000   0.00331
  0  0  0  0  0  0  0  2 -2  2  0  90.00000   0.00023
  0  0  0  0  0  0  0  2 -1 -4  0 270.00000   0.00006
  0  0  0  0  0  0  0  2 -1 -3  0 270.00000   0.00125
  0  0  0  0  0  0  0  2 -1 -2 -2 270.00000   0.00004
  0  0  0  0  0  0  0  2 -1 -2  0 270.00000   0.02529
  0  0  0  0  0  0  0  2 -1 -2  2 270.00000   0.00008
  0  0  0  0  0  0  0  2 -1 -1 -2 270.00000   0.00081
  0  0  0  0  0  0  0  2 -1 -1  0  90.00000   0.38245
  0  0  0  0  0  0  0  2 -1 -1  2 270.00000   0.00009
  0  0  0  0  0  0  0  2 -1  0 -2 270.00000   0.00165
  0  0  0  0  0  0  0  2 -1  0  0  90.00000   0.51395
  0  0  0  0  0  0  0  2 -1  1 -2 270.00000   0.00053
  0  0  0  0  0  0  0  2 -1  1  0  90.00000   0.03222
  0  0  0  0  0  0  0  2 -1  2 -2 270.00000   0.00005
  0  0  0  0  0  0  0  2 -1  2  0  90.00000   0.00213
  0  0  0  0  0  0  0  2 -1  3  0  90.00000   0.00015
  0  0  0  0  0  0  0  2  0 -3  0 270.00000   0.00002
  0  0  0  0  0  0  0  2  0 -2  0  90.00000   0.00004
  0  0  0  0  0  0  0  2  0 -1  0 270.00000   0.00633
  0  0  0  0  0  0  0  2  0  0 -2  90.00000   0.00005
  0  0  0  0  0  0  0  2  0  0  0 270.00000   0.01356
  0  0  0  0  0  0  0  2  0  1 -2  90.00000   0.00003
  0  0  0  0  0  0  0  2  0  1  0 270.00000   0.00114
  0  0  0  0  0  0  0  2  0  2  0 270.00000   0.00009
  0  0  0  0  0  0  0  2  1 -4  0 270.00000   0.00004
  0  0  0  0  0  0  0  2  1 -3  0 270.00000   0.00043
  0  0  0  0  0  0  0  2  1 -2  0 270.00000   0.00039
  0  0  0  0  0  0  0  2  1 -1 -2  90.00000   0.00012
  0  0  0  0  0  0  0  2  1 -1  0 270.00000   0.06068
  0  0  0  0  0  0  0  2  1  0 -2  90.00000   0.00034
  0  0  0  0  0  0  0  2  1  0  0 270.00000   0.07754
  0  0  0  0  0  0  0  2  1  1 -2  90.00000   0.00014
  0  0  0  0  0  0  0  2  1  1  0 270.00000   0.00658
  0  0  0  0  0  0  0  2  1  2  0 270.00000   0.00053
  0  0  0  0  0  0  0  2  1  3  0 270.00000   0.00004
  0  0  0  0  0  0  0  2  2 -3  0  90.00000   0.00005
  0  0  0  0  0  0  0  2  2 -2  0  90.00000   0.00055
  0  0  0  0  0  0  0  2  2 -1 -2  90.00000   0.00005
  0  0  0  0  0  0  0  2  2 -1  0 270.00000   0.01186
  0  0  0  0  0  0  0  2  2  0  0 270.00000   0.00074
  0  0  0  0  0  0  0  2  2  1  0 270.00000   0.00005
  0  0  0  0  0  0  0  3 -2 -1  0 270.00000   0.00007
  0  0  0  0  0  0  0  3 -2  0  0  90.00000   0.00005
  0  0  0  0  0  0  0  3 -1 -2  0 270.00000   0.00013
  0  0  0  0  0  0  0  3 -1 -1  0 270.00000   0.00064
  0  0  0  0  0  0  0  3 -1  0 -2 270.00000   0.00004
  0  0  0  0  0  0  0  3 -1  0  0  90.00000   0.00040
  0  0  0  0  0  0  0  3 -1  1  0  90.00000   0.00002
  0  0  0  0  0  0  0  3  0 -1  0  90.00000   0.00006
  0  0  0  0  0  0  0  3  0  0  0  90.00000   0.00003
  0  0  0  0  0  0  0  3  1 -2  0 270.00000   0.00010
  0  0  0  0  0  0  0  3  1 -1  0  90.00000   0.00053
  0  0  0  0  0  0  0  3  1  0 -2  90.00000   0.00002
  0  0  0  0  0  0  0  3  1  0  0  90.00000   0.00027
  0  0  0  0  0  0  0  3  1  1  0  90.00000   0.00004
  0  0  0  0  0  0  0  4 -3 -2  0  90.00000   0.00004
  0  0  0  0  0  0  0  4 -3 -1  0  90.00000   0.00012
  0  0  0  0  0  0  0  4 -3  0  0  90.00000   0.00006
  0  0  0  0  0  0  0  4 -2 -2  0  90.00000   0.00054
  0  0  0  0  0  0  0  4 -2 -1  0  90.00000   0.00140
  0  0  0  0  0  0  0  4 -2  0 -2  90.00000   0.00002
  0  0  0  0  0  0  0  4 -2  0  0  90.00000   0.00064
  0  0  0  0  0  0  0  4 -2  1  0  90.00000   0.00009
  0  0  0  0  0  0  0  4 -1 -3  0  90.00000   0.00011
  0  0  0  0  0  0  0  4 -1 -2  0  90.00000   0.00476
  0  0  0  0  0  0  0  4 -1 -1 -2  90.00000   0.00007
  0  0  0  0  0  0  0  4 -1 -1  0  90.00000   0.00993
  0  0  0  0  0  0  0  4 -1  0 -2  90.00000   0.00014
  0  0  0  0  0  0  0  4 -1  0  0  90.00000   0.00394
  0  0  0  0  0  0  0  4 -1  1  0  90.00000   0.00051
  0  0  0  0  0  0  0  4 -1  2  0  90.00000   0.00005
  0  0  0  0  0  0  0  4  0 -2  0 270.00000   0.00012
  0  0  0  0  0  0  0  4  0 -1  0 270.00000   0.00038
  0  0  0  0  0  0  0  4  0  0  0 270.00000   0.00019
  0  0  0  0  0  0  0  4  0  1  0 270.00000   0.00003
  0  0  0  0  0  0  0  4  1 -3  0  90.00000   0.00006
  0  0  0  0  0  0  0  4  1 -2  0 270.00000   0.00060
  0  0  0  0  0  0  0  4  1 -1 -2 270.00000   0.00004
  0  0  0  0  0  0  0  4  1 -1  0 270.00000   0.00146
  0  0  0  0  0  0  0  4  1  0 -2 270.00000   0.00005
  0  0  0  0  0  0  0  4  1  0  0 270.00000   0.00061
  0  0  0  0  0  0  0  4  1  1  0 270.00000   0.00009
  0  0  0  0  0  0  0  4  2 -2  0 270.00000   0.00013
  0  0  0  0  0  0  0  4  2 -1  0 270.00000   0.00009
  0  0  0  0  0  0  0  6 -2 -2  0  90.00000   0.00003
  0  0  0  0  0  0  0  6 -2 -1  0  90.00000   0.00003
  0  0  0  0  0  0  0  6 -1 -3  0  90.00000   0.00006
  0  0  0  0  0  0  0  6 -1 -2  0  90.00000   0.00017
  0  0  0  0  0  0  0  6 -1 -1  0  90.00000   0.00013
  0  0  0  0  0  0  0  6 -1  0  0  90.00000   0.00004
  0  0  0  0  0  0  0  6  1 -2  0 270.00000   0.00002
  0  0  0  0  0  0  0  6  1 -1  0 270.00000   0.00002
  0  0  1  0  0  0  0 -1  0  0 -1 284.81311   0.00003
  0  0  1  0  0  0  0 -1  0  1 -1 104.81311   0.00005
  0  0  1  0  0  0  0  1  0 -2 -1 284.81311   0.00003
  0  0  1  0  0  0  0  1  0 -1 -1 284.81311   0.00049
  0  0  1  0  0  0  0  1  0 -1  1 104.81311   0.00012
  0  0  1  0  0  0  0  1  0  1 -1 104.81311   0.00049
  0  0  1  0  0  0  0  1  0  2 -1 104.81311   0.00003
  0  0  1  0  0  0  0  3  0 -1 -1 284.81311   0.00003
  0  0  1  0  0  0  0  3  0  0 -1 104.81311   0.00004
