EARTH FIGURE PERTURBATIONS. LATITUDE
  0  0  0  0  3   0.00000   0.00003
  0  0  0  1 -3 180.00000   0.00021
  0  0  0  1 -1   0.00000   0.00056
  0  0  0  1  1   0.00000   0.00047
  0  0  0  2 -3   0.00000   0.00004
  0  0  0  2 -1 180.00000   0.00144
  0  0  0  2  1   0.00000   0.00003
  0  0  0  3 -1 180.00000   0.00007
  0  0  1 -1 -1 180.00000   0.00002
  0  0  1 -1  1 180.00000   0.00002
  0  0  1  0 -1 180.00000   0.00004
  0  0  1  0  1 180.00000   0.00004
  0  0  1  1 -1 180.00000   0.00001
  0  0  1  1  1 180.00000   0.00002
  0  1  0  0 -1 180.00000   0.00004
  0  1  0  0  1 180.00000   0.00005
  0  1  1 -1 -1   0.00000   0.00001
  0  1  1 -1  1   0.00000   0.00001
  0  1  1  0 -1 180.00000   0.00003
  0  1  1  0  1 180.00000   0.00003
  0  2 -1 -1 -1   0.00000   0.00003
  0  2 -1 -1  1   0.00000   0.00004
  0  2 -1  0 -1 180.00000   0.00006
  0  2  0 -2 -1 180.00000   0.00005
  0  2  0 -2  1 180.00000   0.00021
  0  2  0 -1 -1   0.00000   0.00126
  0  2  0 -1  1   0.00000   0.00108
  0  2  0  0 -3   0.00000   0.00004
  0  2  0  0 -1 180.00000   0.00217
  0  2  0  0  1   0.00000   0.00013
  0  2  0  1 -3   0.00000   0.00003
  0  2  0  1 -1 180.00000   0.00008
  0  2  0  2 -1 180.00000   0.00002
  0  2  1 -1 -1 180.00000   0.00001
  0  2  1  0 -1   0.00000   0.00009
  0  2  2  0 -1   0.00000   0.00001
  0  4  0 -2  1   0.00000   0.00003
  0  4  0 -1 -1   0.00000   0.00001
  0  4  0 -1  1   0.00000   0.00002
  0  4  0  0 -1 180.00000   0.00001
  1 -6  0  0  0   0.00076   0.00002
  1 -6  0  1  0   0.00075   0.00005
  1 -6  0  2  0   0.00075   0.00004
  1 -4 -1  0  0 180.00075   0.00006
  1 -4 -1  1  0 180.00074   0.00008
  1 -4  0 -2  0   0.00076   0.00003
  1 -4  0 -1 -2   0.00095   0.00002
  1 -4  0 -1  0   0.00075   0.00025
  1 -4  0 -1  2 180.00046   0.00001
  1 -4  0  0 -2   0.00094   0.00009
  1 -4  0  0  0   0.00073   0.00188
  1 -4  0  0  2   0.00072   0.00009
  1 -4  0  1 -2   0.00083   0.00017
  1 -4  0  1  0   0.00071   0.00322
  1 -4  0  2 -2   0.00055   0.00009
  1 -4  0  2  0   0.00070   0.00029
  1 -4  1 -1  0   0.00075   0.00003
  1 -4  1  0 -2   0.00094   0.00001
  1 -4  1  0  0   0.00075   0.00021
  1 -4  1  1 -2   0.00094   0.00002
  1 -4  1  1  0   0.00072   0.00029
  1 -4  1  2 -2   0.00093   0.00001
  1 -4  1  2  0   0.00072   0.00002
  1 -4  2  0  0   0.00072   0.00001
  1 -4  2  1  0   0.00072   0.00002
  1 -3 -1  0  0   0.00072   0.00002
  1 -3  0 -1  0 180.00072   0.00002
  1 -3  0  0  0 180.00074   0.00017
  1 -3  0  0  2 180.00072   0.00001
  1 -3  0  1  0 180.00073   0.00014
  1 -3  0  2  0 180.00072   0.00002
  1 -3  1  0  0 180.00072   0.00001
  1 -2 -2  0  0 180.00037   0.00013
  1 -2 -2  1  0 180.00072   0.00005
  1 -2 -1 -2  0 180.00075   0.00003
  1 -2 -1 -1 -2 180.00095   0.00001
  1 -2 -1 -1  0 180.00073   0.00041
  1 -2 -1  0 -2 180.00094   0.00006
  1 -2 -1  0  0 180.00071   0.00589
  1 -2 -1  0  2 180.00079   0.00007
  1 -2 -1  1 -2 180.00066   0.00005
  1 -2 -1  1  0 180.00074   0.00034
  1 -2 -1  2  0   0.00072   0.00003
  1 -2  0 -3 -2   0.00094   0.00001
  1 -2  0 -3  0   0.00077   0.00007
  1 -2  0 -2 -2   0.00111   0.00014
  1 -2  0 -2  0   0.00077   0.00110
  1 -2  0 -2  2 180.00047   0.00002
  1 -2  0 -1 -2   0.00104   0.00104
  1 -2  0 -1  0   0.00075   0.01647
  1 -2  0 -1  2 180.00059   0.00048
  1 -2  0  0 -4 180.00090   0.00001
  1 -2  0  0 -2   0.00093   0.00562
  1 -2  0  0  0   0.00072   0.29854
  1 -2  0  0  2   0.00077   0.00273
  1 -2  0  1 -4 180.00088   0.00002
  1 -2  0  1 -2   0.00065   0.00562
  1 -2  0  1  0   0.00071   0.07332
  1 -2  0  1  2   0.00072   0.00043
  1 -2  0  2 -2 179.99951   0.00002
  1 -2  0  2  0   0.00066   0.00672
  1 -2  0  2  2   0.00072   0.00003
  1 -2  0  3  0   0.00063   0.00063
  1 -2  0  4  0   0.00061   0.00005
  1 -2  1 -2 -2   0.00094   0.00001
  1 -2  1 -2  0   0.00075   0.00006
  1 -2  1 -1 -2   0.00104   0.00008
  1 -2  1 -1  0   0.00075   0.00086
  1 -2  1 -1  2 180.00060   0.00003
  1 -2  1  0 -2   0.00094   0.00038
  1 -2  1  0  0   0.00072   0.01404
  1 -2  1  0  2   0.00076   0.00011
  1 -2  1  1 -2   0.00065   0.00025
  1 -2  1  1  0   0.00071   0.00328
  1 -2  1  1  2   0.00073   0.00001
  1 -2  1  2  0   0.00068   0.00028
  1 -2  1  3  0   0.00072   0.00002
  1 -2  2 -1  0   0.00074   0.00003
  1 -2  2  0 -2   0.00093   0.00002
  1 -2  2  0  0   0.00073   0.00051
  1 -2  2  1 -2   0.00091   0.00001
  1 -2  2  1  0   0.00072   0.00012
  1 -2  2  2  0   0.00072   0.00001
  1 -2  3  0  0   0.00072   0.00002
  1 -1 -1 -1  0   0.00072   0.00002
  1 -1 -1  0 -2   0.00094   0.00002
  1 -1 -1  0  0   0.00072   0.00036
  1 -1  0 -2  0 180.00072   0.00002
  1 -1  0 -1 -2 180.00112   0.00003
  1 -1  0 -1  0 180.00072   0.00029
  1 -1  0  0 -2 180.00099   0.00013
  1 -1  0  0  0 180.00073   0.00212
  1 -1  0  0  2 180.00069   0.00005
  1 -1  0  1  0 180.00074   0.00017
  1 -1  0  2  0 180.00071   0.00004
  1  0 -2 -1  0 180.00072   0.00003
  1  0 -2  1  0 180.00071   0.00005
  1  0 -1 -3  0 180.00072   0.00001
  1  0 -1 -2 -2 180.00119   0.00004
  1  0 -1 -2  0 180.00080   0.00014
  1  0 -1 -1 -2 180.00114   0.00018
  1  0 -1 -1  0 180.00076   0.00227
  1  0 -1  0 -2 180.00192   0.00002
  1  0 -1  0  0 180.00058   0.00252
  1  0 -1  1 -2   0.00202   0.00004
  1  0 -1  1  0 180.00068   0.00276
  1  0 -1  2  0 180.00065   0.00031
  1  0 -1  3  0 180.00069   0.00003
  1  0  0 -4 -2   0.00121   0.00003
  1  0  0 -4  0   0.00064   0.00005
  1  0  0 -3 -2   0.00119   0.00033
  1  0  0 -3  0   0.00069   0.00091
  1  0  0 -2 -4 180.00089   0.00001
  1  0  0 -2 -2   0.00116   0.00377
  1  0  0 -2  0   0.00067   0.01745
  1  0  0 -2  2 180.00038   0.00033
  1  0  0 -1 -4 180.00098   0.00008
  1  0  0 -1 -2   0.00109   0.03977
  1  0  0 -1  0   0.00075   0.45586
  1  0  0 -1  2   0.00062   0.00437
  1  0  0  0 -4 180.00086   0.00034
  1  0  0  0 -2   0.00086   0.32622
  1  0  0  0 -1 270.00000   0.00001
  1  0  0  0  0 180.00071   8.04508
  1  0  0  0  1 270.00000   0.00001
  1  0  0  0  2   0.00071   0.00834
  1  0  0  0  4 180.00032   0.00002
  1  0  0  1 -4 180.00067   0.00009
  1  0  0  1 -2   0.00464   0.00239
  1  0  0  1  0 180.00069   0.41571
  1  0  0  1  2   0.00070   0.00133
  1  0  0  2 -2   0.00147   0.00079
  1  0  0  2  0 180.00066   0.02403
  1  0  0  2  2   0.00071   0.00015
  1  0  0  3 -2   0.00137   0.00007
  1  0  0  3  0 180.00062   0.00146
  1  0  0  3  2   0.00075   0.00002
  1  0  0  4  0 180.00058   0.00009
  1  0  1 -3  0   0.00072   0.00001
  1  0  1 -2 -2   0.00119   0.00004
  1  0  1 -2  0   0.00077   0.00014
  1  0  1 -1 -2   0.00114   0.00023
  1  0  1 -1  0   0.00074   0.00257
  1  0  1 -1  2   0.00087   0.00001
  1  0  1  0 -2   0.00071   0.00003
  1  0  1  0  0   0.00095   0.00206
  1  0  1  0  2 180.00072   0.00002
  1  0  1  1 -2 180.00217   0.00003
  1  0  1  1  0   0.00070   0.00212
  1  0  1  2  0   0.00065   0.00025
  1  0  1  3  0   0.00069   0.00002
  1  0  2 -1  0   0.00072   0.00004
  1  0  2  0  0   0.00088   0.00002
  1  0  2  1  0   0.00072   0.00002
  1  1  0 -2  0   0.00072   0.00004
  1  1  0 -1  0 180.00137   0.00003
  1  1  0  0 -2 180.00102   0.00003
  1  1  0  0  0   0.00071   0.00218
  1  1  0  1 -2 180.00131   0.00001
  1  1  0  1  0   0.00067   0.00026
  1  1  0  2  0   0.00068   0.00002
  1  1  1 -1  0   0.00022   0.00008
  1  1  1  0 -2   0.00028   0.00001
  1  1  1  0  0 180.00073   0.00032
  1  1  1  1  0 180.00070   0.00004
  1  2 -2 -1  0 180.00071   0.00013
  1  2 -2  0 -2   0.00102   0.00002
  1  2 -2  0  0 180.00070   0.00015
  1  2 -2  1  0 180.00069   0.00002
  1  2 -1 -2 -2 180.00146   0.00002
  1  2 -1 -2  0   0.00091   0.00002
  1  2 -1 -1 -2 180.00253   0.00003
  1  2 -1 -1  0 180.00073   0.00371
  1  2 -1 -1  2   0.00072   0.00002
  1  2 -1  0 -2   0.00101   0.00049
  1  2 -1  0  0 180.00070   0.00315
  1  2 -1  0  2   0.00073   0.00001
  1  2 -1  1 -2   0.00112   0.00008
  1  2 -1  1  0 180.00066   0.00043
  1  2 -1  2  0 180.00067   0.00004
  1  2  0 -4  0 180.00072   0.00001
  1  2  0 -3 -2 180.00138   0.00007
  1  2  0 -3  0 180.00074   0.00013
  1  2  0 -2 -2 180.00150   0.00038
  1  2  0 -2  0   0.00164   0.00033
  1  2  0 -2  2   0.00062   0.00010
  1  2  0 -1 -4 180.00083   0.00001
  1  2  0 -1 -2 180.00240   0.00066
  1  2  0 -1  0 180.00073   0.08350
  1  2  0 -1  2   0.00069   0.00033
  1  2  0  0 -4 180.00072   0.00004
  1  2  0  0 -2   0.00102   0.01005
  1  2  0  0  0 180.00070   0.04638
  1  2  0  0  2   0.00073   0.00018
  1  2  0  1 -2   0.00112   0.00139
  1  2  0  1  0 180.00067   0.00563
  1  2  0  1  2   0.00072   0.00004
  1  2  0  2 -2   0.00115   0.00014
  1  2  0  2  0 180.00062   0.00054
  1  2  0  3 -2   0.00093   0.00001
  1  2  0  3  0 180.00066   0.00005
  1  2  1 -2  0 180.00072   0.00002
  1  2  1 -1 -2   0.00121   0.00001
  1  2  1 -1  0   0.00074   0.00055
  1  2  1  0 -2 180.00103   0.00019
  1  2  1  0  0   0.00071   0.00049
  1  2  1  1 -2 180.00114   0.00003
  1  2  1  1  0   0.00069   0.00009
  1  2  1  2  0   0.00067   0.00001
  1  2  2 -1  0   0.00071   0.00005
  1  3  0 -2  0   0.00072   0.00002
  1  3  0 -1  0   0.00070   0.00008
  1  3  0  0  0   0.00072   0.00001
  1  4 -2 -1  0 180.00072   0.00001
  1  4 -1 -2  0 180.00070   0.00008
  1  4 -1 -1 -2   0.00074   0.00002
  1  4 -1 -1  0 180.00069   0.00013
  1  4 -1  0 -2   0.00096   0.00002
  1  4 -1  0  0 180.00067   0.00006
  1  4 -1  1  0 180.00066   0.00001
  1  4  0 -3  0 180.00034   0.00001
  1  4  0 -2  0 180.00074   0.00097
  1  4  0 -1 -2   0.00074   0.00019
  1  4  0 -1  0 180.00071   0.00113
  1  4  0 -1  2   0.00056   0.00001
  1  4  0  0 -2   0.00096   0.00019
  1  4  0  0  0 180.00067   0.00043
  1  4  0  1 -2   0.00103   0.00004
  1  4  0  1  0 180.00066   0.00007
  1  4  1 -2  0   0.00072   0.00001
  1  4  1 -1  0   0.00069   0.00002
  1  6  0 -3  0 180.00069   0.00001
  1  6  0 -2  0 180.00067   0.00002
  1  6  0 -1  0 180.00066   0.00001
  2 -4  0  0 -1 180.00000   0.00002
  2 -4  0  1 -1 180.00000   0.00003
  2 -2 -1  0 -1   0.00000   0.00006
  2 -2  0 -2 -1 180.00000   0.00001
  2 -2  0 -1 -1 180.00000   0.00016
  2 -2  0  0 -3 180.00000   0.00003
  2 -2  0  0 -1 180.00000   0.00293
  2 -2  0  0  1 180.00000   0.00014
  2 -2  0  1 -3 180.00000   0.00003
  2 -2  0  1 -1 180.00000   0.00072
  2 -2  0  1  1 180.00000   0.00001
  2 -2  0  2 -1 180.00000   0.00007
  2 -2  1  0 -1 180.00000   0.00014
  2 -2  1  1 -1 180.00000   0.00003
  2 -1  0  0 -1   0.00000   0.00002
  2  0 -1 -1 -1   0.00000   0.00002
  2  0 -1  0 -1   0.00000   0.00003
  2  0 -1  1 -1   0.00000   0.00003
  2  0  0 -3 -1 180.00000   0.00001
  2  0  0 -2 -3 180.00000   0.00002
  2  0  0 -2 -1 180.00000   0.00020
  2  0  0 -2  1 180.00000   0.00005
  2  0  0 -1 -3 180.00000   0.00019
  2  0  0 -1 -1 180.00000   0.00441
  2  0  0 -1  1 180.00000   0.00006
  2  0  0  0 -3 180.00000   0.00156
  2  0  0  0 -1   0.00000   0.08042
  2  0  0  0  1 180.00000   0.00003
  2  0  0  1 -1   0.00000   0.00425
  2  0  0  2 -1   0.00000   0.00026
  2  0  0  3 -1   0.00000   0.00002
  2  0  1 -1 -1 180.00000   0.00002
  2  0  1  1 -1 180.00000   0.00002
  2  1  0  0 -1 180.00000   0.00002
  2  1  1 -1 -1 180.00000   0.00002
  2  2 -1 -1 -1   0.00000   0.00004
  2  2 -1  0 -1   0.00000   0.00003
  2  2  0 -1 -1   0.00000   0.00085
  2  2  0  0 -3 180.00000   0.00005
  2  2  0  0 -1   0.00000   0.00049
  2  2  0  1 -1   0.00000   0.00006
  2  4  0 -1 -1   0.00000   0.00001
