PLANETARY PERTURBATIONS(SOLAR ECCENTRICITY).LONGITUDE
  0  0  1 -2  0   0.00000   0.00007
  0  0  1 -1  0   0.00000   0.00108
  0  0  1  0  0   0.00000   0.00487
  0  0  1  1  0   0.00000   0.00080
  0  0  1  2  0   0.00000   0.00006
  0  0  2 -1  0   0.00000   0.00004
  0  0  2  0  0   0.00000   0.00011
  0  0  2  1  0   0.00000   0.00002
  0  1  1  0  0 180.00000   0.00013
  0  2 -2 -1  0 180.00000   0.00011
  0  2 -2  0  0 180.00000   0.00012
  0  2 -2  1  0 180.00000   0.00001
  0  2 -1 -2  0 180.00000   0.00006
  0  2 -1 -1  0 180.00000   0.00150
  0  2 -1  0 -2 180.00000   0.00002
  0  2 -1  0  0 180.00000   0.00120
  0  2 -1  1  0 180.00000   0.00011
  0  2  0 -1  0   0.00000   0.00002
  0  2  0  0  0   0.00000   0.00003
  0  2  1 -2  0 180.00000   0.00002
  0  2  1 -1  0   0.00000   0.00021
  0  2  1  0 -2   0.00000   0.00001
  0  2  1  0  0   0.00000   0.00018
  0  2  1  1  0   0.00000   0.00002
  0  2  2 -1  0   0.00000   0.00004
  0  4 -1 -2  0 180.00000   0.00002
  0  4 -1 -1  0 180.00000   0.00003
  0  4 -1  0  0 180.00000   0.00001
