EARTH FIGURE PERTURBATIONS. LONGITUDE
  0  0  0  0  1 270.00000   0.00003
  0  0  0  0  2   0.00000   0.00037
  0  0  0  1 -2 180.00000   0.00480
  0  0  0  1 -1  90.00000   0.00001
  0  0  0  2 -2   0.00000   0.00085
  0  0  0  2  0 180.00000   0.00025
  0  0  0  3 -2   0.00000   0.00003
  0  0  0  3  0 180.00000   0.00002
  0  0  0  4  0 180.00000   0.00001
  0  0  1 -2  0 180.00000   0.00003
  0  0  1 -1  0 180.00000   0.00048
  0  0  1 -1  2 180.00000   0.00001
  0  0  1  0  0 180.00000   0.00047
  0  0  1  1 -2 180.00000   0.00005
  0  0  1  1  0 180.00000   0.00019
  0  0  1  2  0 180.00000   0.00001
  0  0  2 -1  0 180.00000   0.00003
  0  1 -1 -1  0 180.00000   0.00001
  0  1 -1  0  0 180.00000   0.00015
  0  1 -1  1  0 180.00000   0.00001
  0  1  0 -2  0 180.00000   0.00001
  0  1  0 -1  0 180.00000   0.00004
  0  1  0  0 -2   0.00000   0.00001
  0  1  0  0  0 180.00000   0.00100
  0  1  0  1  0 180.00000   0.00006
  0  1  1 -1  0   0.00000   0.00019
  0  1  1  0  0 180.00000   0.00070
  0  1  1  1  0 180.00000   0.00005
  0  2 -1 -2  0 180.00000   0.00002
  0  2 -1 -1  0   0.00000   0.00061
  0  2 -1  0 -2   0.00000   0.00002
  0  2 -1  0  0   0.00000   0.00001
  0  2 -1  1 -2   0.00000   0.00004
  0  2  0 -3  2 180.00000   0.00001
  0  2  0 -2  0 180.00000   0.00077
  0  2  0 -2  2   0.00000   0.00006
  0  2  0 -1 -2 180.00000   0.00005
  0  2  0 -1  0   0.00000   0.02206
  0  2  0  0 -2   0.00000   0.00064
  0  2  0  0  0   0.00000   0.00102
  0  2  0  1 -2   0.00000   0.00089
  0  2  0  1  0   0.00000   0.00004
  0  2  0  2 -2   0.00000   0.00007
  0  2  1 -2  0   0.00000   0.00006
  0  2  1 -1  0 180.00000   0.00006
  0  2  1  0 -2 180.00000   0.00002
  0  2  1  0  0 180.00000   0.00001
  0  2  2 -1  0   0.00000   0.00009
  0  3  0 -1  0 180.00000   0.00001
  0  4 -1 -2  0   0.00000   0.00002
  0  4 -1 -1  0   0.00000   0.00002
  0  4  0 -2  0   0.00000   0.00026
  0  4  0 -1 -2   0.00000   0.00002
  0  4  0 -1  0   0.00000   0.00019
  0  4  0  0 -2   0.00000   0.00002
  0  4  0  0  0   0.00000   0.00002
  0  4  0  1 -2   0.00000   0.00001
  1 -6  0  0 -1   0.00100   0.00001
  1 -6  0  1 -1   0.00100   0.00003
  1 -6  0  2 -1   0.00068   0.00003
  1 -6  0  3 -1   0.00036   0.00001
  1 -4 -1  0 -1 180.00103   0.00001
  1 -4 -1  1 -1 180.00081   0.00002
  1 -4 -1  1  1 180.00072   0.00002
  1 -4  0 -2 -1   0.00099   0.00002
  1 -4  0 -2  1 180.00050   0.00001
  1 -4  0 -1 -1   0.00109   0.00014
  1 -4  0 -1  1 180.00050   0.00009
  1 -4  0  0 -1   0.00100   0.00075
  1 -4  0  0  1 180.00017   0.00011
  1 -4  0  1 -3 180.00093   0.00002
  1 -4  0  1 -1   0.00080   0.00141
  1 -4  0  1  1   0.00091   0.00022
  1 -4  0  2 -3 180.00091   0.00001
  1 -4  0  2 -1   0.00029   0.00065
  1 -4  1 -1 -1   0.00098   0.00002
  1 -4  1  0 -1   0.00099   0.00010
  1 -4  1  1 -1   0.00080   0.00017
  1 -4  1  1  1   0.00082   0.00002
  1 -4  1  2 -1   0.00030   0.00006
  1 -4  2  0 -1   0.00094   0.00001
  1 -4  2  1 -1   0.00098   0.00001
  1 -3  0  0 -1   0.00082   0.00004
  1 -3  0  0  1 180.00073   0.00023
  1 -3  0  1 -1 180.00068   0.00006
  1 -3  0  1  1 180.00072   0.00003
  1 -3  1  0  1 180.00072   0.00002
  1 -2 -2  1 -1 180.00031   0.00002
  1 -2 -2  1  1 180.00029   0.00001
  1 -2 -1 -2 -1 180.00123   0.00002
  1 -2 -1 -2  1   0.00056   0.00001
  1 -2 -1 -1 -1 180.00119   0.00012
  1 -2 -1 -1  1   0.00065   0.00009
  1 -2 -1  0 -1 180.00109   0.00053
  1 -2 -1  0  1 180.00076   0.00123
  1 -2 -1  1 -1 180.00047   0.00053
  1 -2 -1  2 -1 180.00148   0.00006
  1 -2  0 -3 -1   0.00122   0.00009
  1 -2  0 -3  1 180.00044   0.00005
  1 -2  0 -2 -3 180.00093   0.00001
  1 -2  0 -2 -1   0.00119   0.00097
  1 -2  0 -2  1 180.00050   0.00065
  1 -2  0 -1 -3 180.00101   0.00008
  1 -2  0 -1 -1   0.00113   0.00913
  1 -2  0 -1  1 180.00049   0.00887
  1 -2  0  0 -3 180.00092   0.00037
  1 -2  0  0 -1   0.00100   0.06569
  1 -2  0  0  0  90.00000   0.00006
  1 -2  0  0  1   0.00076   0.04746
  1 -2  0  0  3 180.00077   0.00013
  1 -2  0  1 -3 180.00073   0.00044
  1 -2  0  1 -1   0.00029   0.04962
  1 -2  0  1  1   0.00045   0.00026
  1 -2  0  1  3 180.00076   0.00001
  1 -2  0  2 -3 180.00043   0.00001
  1 -2  0  2 -1 180.00208   0.00249
  1 -2  0  2  1 180.00070   0.00048
  1 -2  0  3 -1 180.00155   0.00045
  1 -2  0  3  1 180.00073   0.00008
  1 -2  0  4 -1 180.00145   0.00005
  1 -2  1 -2 -1   0.00118   0.00008
  1 -2  1 -2  1 180.00049   0.00004
  1 -2  1 -1 -1   0.00111   0.00072
  1 -2  1 -1  1 180.00052   0.00049
  1 -2  1  0 -3 180.00091   0.00003
  1 -2  1  0 -1   0.00098   0.00482
  1 -2  1  0  1   0.00075   0.00187
  1 -2  1  1 -3 180.00089   0.00002
  1 -2  1  1 -1   0.00031   0.00225
  1 -2  1  1  1 180.00078   0.00005
  1 -2  1  2 -1 180.00225   0.00009
  1 -2  1  2  1 180.00071   0.00003
  1 -2  1  3 -1 180.00164   0.00001
  1 -2  2 -1 -1   0.00111   0.00004
  1 -2  2 -1  1 180.00054   0.00002
  1 -2  2  0 -1   0.00097   0.00024
  1 -2  2  0  1   0.00072   0.00006
  1 -2  2  1 -1   0.00031   0.00008
  1 -2  3  0 -1   0.00094   0.00001
  1 -1 -1 -1 -1   0.00122   0.00004
  1 -1 -1  0 -1   0.00107   0.00019
  1 -1 -1  0  1   0.00000   0.00001
  1 -1 -1  1 -1 180.00149   0.00001
  1 -1  0 -2 -1 180.00131   0.00003
  1 -1  0 -1 -1 180.00131   0.00023
  1 -1  0 -1  1 180.00122   0.00002
  1 -1  0  0 -3   0.00093   0.00001
  1 -1  0  0 -1 180.00134   0.00075
  1 -1  0  0  1 180.00067   0.00056
  1 -1  0  1 -1   0.00127   0.00028
  1 -1  0  1  1 180.00072   0.00002
  1 -1  0  2 -1   0.00129   0.00006
  1 -1  1  0 -1 179.99990   0.00004
  1 -1  1  0  1 180.00072   0.00001
  1  0 -2 -1 -1 180.00138   0.00002
  1  0 -2  0 -1   0.00072   0.00003
  1  0 -2  1 -1   0.00116   0.00007
  1  0 -1 -3 -1 180.00133   0.00003
  1  0 -1 -2 -1 180.00133   0.00029
  1  0 -1 -2  1   0.00025   0.00003
  1  0 -1 -1 -3   0.00090   0.00001
  1  0 -1 -1 -1 180.00141   0.00187
  1  0 -1 -1  1 359.99928   0.00008
  1  0 -1  0 -3   0.00092   0.00001
  1  0 -1  0 -1   0.00067   0.00282
  1  0 -1  0  1   0.00045   0.00010
  1  0 -1  1 -1   0.00118   0.00387
  1  0 -1  1  1   0.00070   0.00026
  1  0 -1  2 -1   0.00122   0.00047
  1  0 -1  2  1   0.00070   0.00004
  1  0 -1  3 -1   0.00122   0.00005
  1  0  0 -5 -1   0.00127   0.00001
  1  0  0 -4 -1   0.00129   0.00016
  1  0  0 -3 -3 180.00113   0.00003
  1  0  0 -3 -1   0.00129   0.00228
  1  0  0 -3  1 180.00029   0.00013
  1  0  0 -2 -3 180.00109   0.00032
  1  0  0 -2 -1   0.00128   0.03279
  1  0  0 -2  1 180.00024   0.00387
  1  0  0 -1 -3 180.00102   0.00261
  1  0  0 -1 -1   0.00127   0.49141
  1  0  0 -1  0  90.00000   0.00010
  1  0  0 -1  1   0.00051   0.05036
  1  0  0 -1  3 180.00060   0.00017
  1  0  0  0 -5   0.00086   0.00003
  1  0  0  0 -3 180.00086   0.01492
  1  0  0  0 -1   0.00094   7.06304
  1  0  0  0  0 270.00000   0.00027
  1  0  0  0  1   0.00071   0.36061
  1  0  0  0  3 180.00071   0.00074
  1  0  0  1 -3 180.00054   0.00050
  1  0  0  1 -1   0.00127   0.49331
  1  0  0  1  0 270.00000   0.00002
  1  0  0  1  1   0.00070   0.03838
  1  0  0  1  3 180.00074   0.00015
  1  0  0  2 -3 180.00061   0.00004
  1  0  0  2 -1   0.00126   0.03402
  1  0  0  2  1   0.00069   0.00331
  1  0  0  2  3 180.00073   0.00002
  1  0  0  3 -1   0.00125   0.00242
  1  0  0  3  1   0.00067   0.00027
  1  0  0  4 -1   0.00125   0.00017
  1  0  0  4  1   0.00067   0.00002
  1  0  0  5 -1   0.00127   0.00001
  1  0  1 -3 -1   0.00133   0.00004
  1  0  1 -2 -1   0.00135   0.00037
  1  0  1 -2  1 180.00050   0.00003
  1  0  1 -1 -3 180.00090   0.00001
  1  0  1 -1 -1   0.00143   0.00249
  1  0  1 -1  1   0.00272   0.00002
  1  0  1  0 -1 180.00079   0.00240
  1  0  1  0  1 180.00076   0.00034
  1  0  1  1 -1 180.00116   0.00292
  1  0  1  1  1 180.00073   0.00022
  1  0  1  2 -1 180.00121   0.00037
  1  0  1  2  1 180.00071   0.00004
  1  0  1  3 -1 180.00122   0.00004
  1  0  2 -1 -1   0.00146   0.00004
  1  0  2  0 -1 180.00072   0.00003
  1  0  2  1 -1 180.00119   0.00003
  1  1 -1  0 -1 180.00080   0.00003
  1  1  0 -2 -1   0.00182   0.00003
  1  1  0 -1 -1 179.99929   0.00011
  1  1  0 -1  1 180.00052   0.00002
  1  1  0  0 -1 180.00088   0.00342
  1  1  0  0  1 180.00072   0.00021
  1  1  0  1 -1 180.00104   0.00043
  1  1  0  1  1 180.00071   0.00004
  1  1  0  2 -1 180.00110   0.00004
  1  1  1 -1 -1 180.00007   0.00006
  1  1  1  0 -1   0.00059   0.00064
  1  1  1  0  1   0.00072   0.00003
  1  1  1  1 -1   0.00085   0.00007
  1  2 -3  0 -1   0.00094   0.00001
  1  2 -2 -1 -1   0.00040   0.00010
  1  2 -2 -1  1   0.00072   0.00001
  1  2 -2  0 -1   0.00090   0.00031
  1  2 -2  0  1   0.00072   0.00002
  1  2 -2  1 -1   0.00104   0.00005
  1  2 -1 -3 -1 180.00162   0.00001
  1  2 -1 -2 -1 180.00296   0.00006
  1  2 -1 -2  1   0.00051   0.00003
  1  2 -1 -1 -1   0.00041   0.00288
  1  2 -1 -1  1   0.00069   0.00037
  1  2 -1  0 -1   0.00091   0.00646
  1  2 -1  0  1   0.00072   0.00031
  1  2 -1  1 -1   0.00103   0.00091
  1  2 -1  1  1   0.00069   0.00006
  1  2 -1  2 -1   0.00106   0.00010
  1  2  0 -4 -1 180.00153   0.00005
  1  2  0 -3 -1 180.00173   0.00037
  1  2  0 -3  1 180.00003   0.00005
  1  2  0 -2 -3   0.00121   0.00002
  1  2  0 -2 -1 180.00322   0.00142
  1  2  0 -2  1   0.00052   0.00067
  1  2  0 -1 -1   0.00042   0.06456
  1  2  0 -1  1   0.00071   0.00815
  1  2  0 -1  3 180.00036   0.00004
  1  2  0  0 -3 179.99827   0.00006
  1  2  0  0 -1   0.00090   0.09642
  1  2  0  0  1   0.00070   0.00480
  1  2  0  0  3 180.00038   0.00002
  1  2  0  1 -3 180.00114   0.00014
  1  2  0  1 -1   0.00102   0.01234
  1  2  0  1  1   0.00070   0.00080
  1  2  0  2 -3 180.00118   0.00002
  1  2  0  2 -1   0.00107   0.00126
  1  2  0  2  1   0.00073   0.00009
  1  2  0  3 -1   0.00111   0.00012
  1  2  0  3  1   0.00062   0.00001
  1  2  1 -1 -1 180.00004   0.00017
  1  2  1 -1  1 180.00073   0.00006
  1  2  1  0 -1 180.00088   0.00113
  1  2  1  0  1 180.00073   0.00005
  1  2  1  1 -1 180.00098   0.00021
  1  2  1  1  1 180.00099   0.00001
  1  2  1  2 -1 180.00105   0.00003
  1  2  2 -1 -1 180.00033   0.00005
  1  3  0 -2 -1 179.99961   0.00001
  1  3  0 -1 -1 180.00070   0.00013
  1  3  0 -1  1 180.00072   0.00001
  1  3  1 -1 -1   0.00073   0.00001
  1  3  1  0 -1   0.00088   0.00001
  1  4 -2 -1 -1   0.00091   0.00002
  1  4 -2  0 -1   0.00094   0.00001
  1  4 -1 -2 -1   0.00041   0.00008
  1  4 -1 -2  1   0.00092   0.00001
  1  4 -1 -1 -1   0.00077   0.00024
  1  4 -1 -1  1   0.00071   0.00002
  1  4 -1  0 -1   0.00090   0.00015
  1  4 -1  1 -1   0.00091   0.00003
  1  4  0 -3 -1 359.99818   0.00001
  1  4  0 -3  1   0.00056   0.00001
  1  4  0 -2 -1   0.00042   0.00088
  1  4  0 -2  1   0.00070   0.00014
  1  4  0 -1 -1   0.00078   0.00217
  1  4  0 -1  1   0.00071   0.00016
  1  4  0  0 -1   0.00090   0.00115
  1  4  0  0  1   0.00072   0.00006
  1  4  0  1 -1   0.00098   0.00021
  1  4  0  1  1   0.00038   0.00001
  1  4  0  2 -1   0.00093   0.00003
  1  4  1 -1 -1 180.00077   0.00004
  1  4  1  0 -1 180.00089   0.00003
  1  6  0 -3 -1   0.00037   0.00001
  1  6  0 -2 -1   0.00067   0.00004
  1  6  0 -1 -1   0.00090   0.00004
  1  6  0  0 -1   0.00090   0.00002
  2 -2 -1  0  0   0.00000   0.00001
  2 -2  0 -1 -2 180.00000   0.00004
  2 -2  0 -1  0   0.00000   0.00013
  2 -2  0  0 -2 180.00000   0.00027
  2 -2  0  0  0 180.00000   0.00043
  2 -2  0  1 -2 180.00000   0.00025
  2 -2  0  1  0 180.00000   0.00002
  2 -2  0  2 -2   0.00000   0.00001
  2 -2  1  0 -2 180.00000   0.00002
  2 -2  1  0  0 180.00000   0.00003
  2 -2  1  1 -2 180.00000   0.00001
  2  0 -1  0 -2 180.00000   0.00003
  2  0 -1  1 -2 180.00000   0.00002
  2  0  0 -2 -2 180.00000   0.00016
  2  0  0 -2  0   0.00000   0.00009
  2  0  0 -1 -4   0.00000   0.00001
  2  0  0 -1 -2 180.00000   0.00239
  2  0  0 -1 -1 270.00000   0.00001
  2  0  0 -1  0 180.00000   0.00080
  2  0  0  0 -4   0.00000   0.00007
  2  0  0  0 -2 180.00000   0.03638
  2  0  0  0 -1  90.00000   0.00003
  2  0  0  0  0 180.00000   0.00239
  2  0  0  1 -2 180.00000   0.00241
  2  0  0  1  0 180.00000   0.00025
  2  0  0  2 -2 180.00000   0.00017
  2  0  0  2  0 180.00000   0.00002
  2  0  1  0 -2   0.00000   0.00002
  2  0  1  1 -2   0.00000   0.00001
  2  1  0  0 -2   0.00000   0.00002
  2  1  1  0 -2 180.00000   0.00004
  2  2 -1 -1 -2 180.00000   0.00002
  2  2 -1  0 -2 180.00000   0.00004
  2  2  0 -1 -2 180.00000   0.00039
  2  2  0 -1  0 180.00000   0.00006
  2  2  0  0 -2 180.00000   0.00057
  2  2  0  0  0 180.00000   0.00003
  2  2  0  1 -2 180.00000   0.00007
  2  4  0 -1 -2 180.00000   0.00001
