PLANETARY PERTURBATIONS. TABLE 2. LATITUDE/T
  0  0  0  0  0  0  0  0  0  0  1   0.00000   0.00007
  0  0  0  0  0  0  0  0  0  1 -1   0.00000   0.00008
  0  0  0  0  0  0  0  0  0  1  1   0.00000   0.00008
  0  0  0  0  0  0  0  0  0  2 -1   0.00000   0.00005
  0  0  0  0  0  0  0  0  0  2  1   0.00000   0.00003
  0  0  0  0  0  0  0  0  1 -4 -1   0.00000   0.00002
  0  0  0  0  0  0  0  0  1 -3 -1   0.00000   0.00019
  0  0  0  0  0  0  0  0  1 -3  1   0.00000   0.00006
  0  0  0  0  0  0  0  0  1 -2 -1   0.00000   0.00200
  0  0  0  0  0  0  0  0  1 -2  1   0.00000   0.00076
  0  0  0  0  0  0  0  0  1 -1 -3 180.00000   0.00002
  0  0  0  0  0  0  0  0  1 -1 -1   0.00000   0.01696
  0  0  0  0  0  0  0  0  1 -1  1   0.00000   0.01419
  0  0  0  0  0  0  0  0  1 -1  3   0.00000   0.00002
  0  0  0  0  0  0  0  0  1  0 -1   0.00000   0.01215
  0  0  0  0  0  0  0  0  1  0  1   0.00000   0.01623
  0  0  0  0  0  0  0  0  1  0  3 180.00000   0.00003
  0  0  0  0  0  0  0  0  1  1 -3   0.00000   0.00002
  0  0  0  0  0  0  0  0  1  1 -1   0.00000   0.01279
  0  0  0  0  0  0  0  0  1  1  1   0.00000   0.01338
  0  0  0  0  0  0  0  0  1  1  3 180.00000   0.00002
  0  0  0  0  0  0  0  0  1  2 -1   0.00000   0.00079
  0  0  0  0  0  0  0  0  1  2  1   0.00000   0.00161
  0  0  0  0  0  0  0  0  1  3 -1   0.00000   0.00006
  0  0  0  0  0  0  0  0  1  3  1   0.00000   0.00016
  0  0  0  0  0  0  0  0  1  4  1   0.00000   0.00001
  0  0  0  0  0  0  0  0  2 -2 -1   0.00000   0.00008
  0  0  0  0  0  0  0  0  2 -2  1   0.00000   0.00003
  0  0  0  0  0  0  0  0  2 -1 -1   0.00000   0.00057
  0  0  0  0  0  0  0  0  2 -1  1   0.00000   0.00048
  0  0  0  0  0  0  0  0  2  0 -1   0.00000   0.00009
  0  0  0  0  0  0  0  0  2  0  1   0.00000   0.00029
  0  0  0  0  0  0  0  0  2  1 -1   0.00000   0.00031
  0  0  0  0  0  0  0  0  2  1  1   0.00000   0.00028
  0  0  0  0  0  0  0  0  2  2 -1   0.00000   0.00001
  0  0  0  0  0  0  0  0  2  2  1   0.00000   0.00003
  0  0  0  0  0  0  0  0  3 -1 -1   0.00000   0.00002
  0  0  0  0  0  0  0  0  3 -1  1   0.00000   0.00001
  0  0  0  0  0  0  0  1 -2  0 -1 180.00000   0.00001
  0  0  0  0  0  0  0  1 -2  0  1 180.00000   0.00001
  0  0  0  0  0  0  0  1 -1 -1 -1 180.00000   0.00003
  0  0  0  0  0  0  0  1 -1  0 -1   0.00000   0.00003
  0  0  0  0  0  0  0  1 -1  0  1   0.00000   0.00005
  0  0  0  0  0  0  0  1 -1  1 -1   0.00000   0.00005
  0  0  0  0  0  0  0  1 -1  1  1   0.00000   0.00002
  0  0  0  0  0  0  0  1  1 -2 -1 180.00000   0.00004
  0  0  0  0  0  0  0  1  1 -2  1 180.00000   0.00004
  0  0  0  0  0  0  0  1  1 -1 -1 180.00000   0.00002
  0  0  0  0  0  0  0  1  1 -1  1   0.00000   0.00014
  0  0  0  0  0  0  0  1  1  0 -1 180.00000   0.00202
  0  0  0  0  0  0  0  1  1  0  1 180.00000   0.00202
  0  0  0  0  0  0  0  1  1  1 -1 180.00000   0.00009
  0  0  0  0  0  0  0  1  1  1  1 180.00000   0.00026
  0  0  0  0  0  0  0  1  1  2  1 180.00000   0.00003
  0  0  0  0  0  0  0  1  2  0  1   0.00000   0.00001
  0  0  0  0  0  0  0  2 -4  0 -1 180.00000   0.00001
  0  0  0  0  0  0  0  2 -3 -1 -1 180.00000   0.00007
  0  0  0  0  0  0  0  2 -3 -1  1 180.00000   0.00008
  0  0  0  0  0  0  0  2 -3  0 -1 180.00000   0.00028
  0  0  0  0  0  0  0  2 -3  0  1 180.00000   0.00012
  0  0  0  0  0  0  0  2 -3  1 -1 180.00000   0.00002
  0  0  0  0  0  0  0  2 -3  1  1 180.00000   0.00002
  0  0  0  0  0  0  0  2 -2 -2 -1 180.00000   0.00011
  0  0  0  0  0  0  0  2 -2 -1 -1 180.00000   0.00135
  0  0  0  0  0  0  0  2 -2 -1  1 180.00000   0.00158
  0  0  0  0  0  0  0  2 -2  0 -3 180.00000   0.00001
  0  0  0  0  0  0  0  2 -2  0 -1 180.00000   0.00546
  0  0  0  0  0  0  0  2 -2  0  1 180.00000   0.00193
  0  0  0  0  0  0  0  2 -2  1 -1 180.00000   0.00035
  0  0  0  0  0  0  0  2 -2  1  1 180.00000   0.00029
  0  0  0  0  0  0  0  2 -2  2 -1 180.00000   0.00003
  0  0  0  0  0  0  0  2 -2  2  1 180.00000   0.00003
  0  0  0  0  0  0  0  2 -1 -4 -1 180.00000   0.00001
  0  0  0  0  0  0  0  2 -1 -3 -1 180.00000   0.00014
  0  0  0  0  0  0  0  2 -1 -3  1 180.00000   0.00002
  0  0  0  0  0  0  0  2 -1 -2 -1 180.00000   0.00164
  0  0  0  0  0  0  0  2 -1 -2  1   0.00000   0.00016
  0  0  0  0  0  0  0  2 -1 -1 -3 180.00000   0.00003
  0  0  0  0  0  0  0  2 -1 -1 -1 180.00000   0.01869
  0  0  0  0  0  0  0  2 -1 -1  1 180.00000   0.02229
  0  0  0  0  0  0  0  2 -1 -1  3   0.00000   0.00003
  0  0  0  0  0  0  0  2 -1  0 -3 180.00000   0.00022
  0  0  0  0  0  0  0  2 -1  0 -1 180.00000   0.07430
  0  0  0  0  0  0  0  2 -1  0  1 180.00000   0.01999
  0  0  0  0  0  0  0  2 -1  0  3   0.00000   0.00002
  0  0  0  0  0  0  0  2 -1  1 -3   0.00000   0.00004
  0  0  0  0  0  0  0  2 -1  1 -1 180.00000   0.00443
  0  0  0  0  0  0  0  2 -1  1  1 180.00000   0.00285
  0  0  0  0  0  0  0  2 -1  2 -1 180.00000   0.00032
  0  0  0  0  0  0  0  2 -1  2  1 180.00000   0.00031
  0  0  0  0  0  0  0  2 -1  3 -1 180.00000   0.00002
  0  0  0  0  0  0  0  2 -1  3  1 180.00000   0.00003
  0  0  0  0  0  0  0  2  0 -1 -1   0.00000   0.00026
  0  0  0  0  0  0  0  2  0 -1  1   0.00000   0.00037
  0  0  0  0  0  0  0  2  0  0 -3   0.00000   0.00001
  0  0  0  0  0  0  0  2  0  0 -1   0.00000   0.00295
  0  0  0  0  0  0  0  2  0  0  1   0.00000   0.00053
  0  0  0  0  0  0  0  2  0  1 -1   0.00000   0.00022
  0  0  0  0  0  0  0  2  0  1  1   0.00000   0.00010
  0  0  0  0  0  0  0  2  0  2 -1   0.00000   0.00002
  0  0  0  0  0  0  0  2  0  2  1   0.00000   0.00001
  0  0  0  0  0  0  0  2  1 -3 -1 180.00000   0.00005
  0  0  0  0  0  0  0  2  1 -2 -1 180.00000   0.00020
  0  0  0  0  0  0  0  2  1 -2  1 180.00000   0.00014
  0  0  0  0  0  0  0  2  1 -1 -1   0.00000   0.00198
  0  0  0  0  0  0  0  2  1 -1  1   0.00000   0.00330
  0  0  0  0  0  0  0  2  1  0 -3   0.00000   0.00014
  0  0  0  0  0  0  0  2  1  0 -1   0.00000   0.03043
  0  0  0  0  0  0  0  2  1  0  1   0.00000   0.00318
  0  0  0  0  0  0  0  2  1  1 -3 180.00000   0.00001
  0  0  0  0  0  0  0  2  1  1 -1   0.00000   0.00207
  0  0  0  0  0  0  0  2  1  1  1   0.00000   0.00060
  0  0  0  0  0  0  0  2  1  2 -1   0.00000   0.00016
  0  0  0  0  0  0  0  2  1  2  1   0.00000   0.00008
  0  0  0  0  0  0  0  2  1  3 -1   0.00000   0.00001
  0  0  0  0  0  0  0  2  2 -2 -1   0.00000   0.00006
  0  0  0  0  0  0  0  2  2 -2  1   0.00000   0.00003
  0  0  0  0  0  0  0  2  2 -1 -1   0.00000   0.00053
  0  0  0  0  0  0  0  2  2 -1  1   0.00000   0.00057
  0  0  0  0  0  0  0  2  2  0 -1   0.00000   0.00068
  0  0  0  0  0  0  0  2  2  0  1   0.00000   0.00007
  0  0  0  0  0  0  0  2  2  1 -1   0.00000   0.00003
  0  0  0  0  0  0  0  3 -1 -1 -1   0.00000   0.00005
  0  0  0  0  0  0  0  3 -1 -1  1   0.00000   0.00003
  0  0  0  0  0  0  0  3 -1  0 -1   0.00000   0.00006
  0  0  0  0  0  0  0  3  1 -1 -1 180.00000   0.00003
  0  0  0  0  0  0  0  3  1 -1  1 180.00000   0.00005
  0  0  0  0  0  0  0  3  1  0 -1 180.00000   0.00009
  0  0  0  0  0  0  0  3  1  0  1 180.00000   0.00003
  0  0  0  0  0  0  0  3  1  1 -1 180.00000   0.00001
  0  0  0  0  0  0  0  4 -3 -1 -1 180.00000   0.00001
  0  0  0  0  0  0  0  4 -3 -1  1 180.00000   0.00001
  0  0  0  0  0  0  0  4 -3  0 -1 180.00000   0.00001
  0  0  0  0  0  0  0  4 -2 -2 -1 180.00000   0.00001
  0  0  0  0  0  0  0  4 -2 -2  1 180.00000   0.00006
  0  0  0  0  0  0  0  4 -2 -1 -1 180.00000   0.00017
  0  0  0  0  0  0  0  4 -2 -1  1 180.00000   0.00012
  0  0  0  0  0  0  0  4 -2  0 -1 180.00000   0.00015
  0  0  0  0  0  0  0  4 -2  0  1 180.00000   0.00006
  0  0  0  0  0  0  0  4 -2  1 -1 180.00000   0.00002
  0  0  0  0  0  0  0  4 -2  1  1 180.00000   0.00001
  0  0  0  0  0  0  0  4 -1 -2 -1 180.00000   0.00013
  0  0  0  0  0  0  0  4 -1 -2  1 180.00000   0.00054
  0  0  0  0  0  0  0  4 -1 -1 -1 180.00000   0.00149
  0  0  0  0  0  0  0  4 -1 -1  1 180.00000   0.00085
  0  0  0  0  0  0  0  4 -1  0 -3 180.00000   0.00001
  0  0  0  0  0  0  0  4 -1  0 -1 180.00000   0.00104
  0  0  0  0  0  0  0  4 -1  0  1 180.00000   0.00040
  0  0  0  0  0  0  0  4 -1  1 -1 180.00000   0.00014
  0  0  0  0  0  0  0  4 -1  1  1 180.00000   0.00008
  0  0  0  0  0  0  0  4 -1  2 -1 180.00000   0.00002
  0  0  0  0  0  0  0  4 -1  2  1 180.00000   0.00001
  0  0  0  0  0  0  0  4  0 -2  1   0.00000   0.00001
  0  0  0  0  0  0  0  4  0 -1 -1   0.00000   0.00008
  0  0  0  0  0  0  0  4  0 -1  1   0.00000   0.00003
  0  0  0  0  0  0  0  4  0  0 -1   0.00000   0.00007
  0  0  0  0  0  0  0  4  0  0  1   0.00000   0.00002
  0  0  0  0  0  0  0  4  0  1 -1   0.00000   0.00001
  0  0  0  0  0  0  0  4  1 -2  1   0.00000   0.00007
  0  0  0  0  0  0  0  4  1 -1 -1   0.00000   0.00043
  0  0  0  0  0  0  0  4  1 -1  1   0.00000   0.00013
  0  0  0  0  0  0  0  4  1  0 -1   0.00000   0.00028
  0  0  0  0  0  0  0  4  1  0  1   0.00000   0.00006
  0  0  0  0  0  0  0  4  1  1 -1   0.00000   0.00004
  0  0  0  0  0  0  0  4  1  1  1   0.00000   0.00001
  0  0  0  0  0  0  0  4  2 -2  1   0.00000   0.00001
  0  0  0  0  0  0  0  4  2 -1 -1   0.00000   0.00002
  0  0  0  0  0  0  0  6 -1 -3  1 180.00000   0.00001
  0  0  0  0  0  0  0  6 -1 -2 -1 180.00000   0.00003
  0  0  0  0  0  0  0  6 -1 -2  1 180.00000   0.00002
  0  0  0  0  0  0  0  6 -1 -1 -1 180.00000   0.00004
  0  0  0  0  0  0  0  6 -1 -1  1 180.00000   0.00002
  0  0  0  0  0  0  0  6 -1  0 -1 180.00000   0.00002
  0  0  1  0  0  0  0 -1  0 -1  0 194.81311   0.00002
  0  0  1  0  0  0  0 -1  0  0  0 194.81311   0.00041
  0  0  1  0  0  0  0 -1  0  1  0 194.81311   0.00010
  0  0  1  0  0  0  0 -1  1  0  0 194.81311   0.00002
  0  0  1  0  0  0  0  1  0 -2  0 194.81311   0.00002
  0  0  1  0  0  0  0  1  0 -1 -2 194.81311   0.00003
  0  0  1  0  0  0  0  1  0 -1  0 194.81311   0.00066
  0  0  1  0  0  0  0  1  0  0 -2 194.81311   0.00008
  0  0  1  0  0  0  0  1  0  0  0  14.81311   0.01172
  0  0  1  0  0  0  0  1  0  0  2 194.81311   0.00001
  0  0  1  0  0  0  0  1  0  1 -2 194.81311   0.00002
  0  0  1  0  0  0  0  1  0  1  0  14.81311   0.00062
  0  0  1  0  0  0  0  1  0  2  0  14.81311   0.00004
  0  0  1  0  0  0  0  3  0 -1  0  14.81311   0.00013
  0  0  1  0  0  0  0  3  0  0  0  14.81311   0.00007
